0.000000 0.000000 0.000000 0.000000 0.000000 0.000000 0.001550 0.001953 0.002236 0.002461 0.000000 0.000000 0.0000000000007887087026601 0.0000000000000012403784438
0.000000 0.000000 0.000000 0.000000 0.000000 0.002461 0.002651 0.002817 0.002965 0.003100 0.000000 0.000000 0.0000000000000001792230955 0.0000000000000000513446155
0.000000 0.000000 0.000000 0.000000 0.000000 0.003100 0.003340 0.003549 0.003736 0.003906 0.000000 0.000000 0.0000000000000004516139014 0.0000000000000001293803237
0.000000 0.000000 0.000000 0.000000 0.000000 0.003906 0.004208 0.004472 0.004707 0.004922 0.000000 0.000000 0.0000000000000011379957216 0.0000000000000003260179865
0.000000 0.000000 0.000000 0.000000 0.000000 0.004922 0.005302 0.005634 0.005931 0.006201 0.000000 0.000000 0.0000000000000028675695286 0.0000000000000008215138476
0.000000 0.000000 0.000000 0.000000 0.000000 0.006201 0.006680 0.007098 0.007472 0.007813 0.000000 0.000000 0.0000000000000072258224224 0.0000000000000020700851788
0.000000 0.000001 0.000001 0.000001 0.000001 0.007813 0.008416 0.008943 0.009415 0.009843 0.000001 0.000001 0.0000000000000182079315454 0.0000000000000052162877835
0.000001 0.000001 0.000001 0.000002 0.000002 0.009843 0.010603 0.011268 0.011862 0.012402 0.000001 0.000002 0.0000000000000458811124579 0.0000000000000131442215620
0.000002 0.000002 0.000003 0.000003 0.000004 0.012402 0.013359 0.014196 0.014945 0.015625 0.000002 0.000003 0.0000000000001156131587532 0.0000000000000331213628565
0.000004 0.000005 0.000006 0.000007 0.000008 0.015625 0.016832 0.017886 0.018829 0.019686 0.000005 0.000007 0.0000000000002913269047197 0.0000000000000834606045358
0.000008 0.000010 0.000011 0.000013 0.000015 0.019686 0.021206 0.022535 0.023723 0.024803 0.000010 0.000013 0.0000000000007340977993132 0.0000000000002103075449518
0.000015 0.000019 0.000023 0.000027 0.000031 0.024803 0.026718 0.028393 0.029890 0.031250 0.000019 0.000027 0.0000000000018498105400784 0.0000000000005299418056240
0.000031 0.000038 0.000046 0.000053 0.000061 0.031250 0.033663 0.035772 0.037658 0.039373 0.000038 0.000053 0.0000000000046612304755145 0.0000000000013353696724673
0.000061 0.000076 0.000092 0.000107 0.000122 0.039373 0.042413 0.045070 0.047447 0.049606 0.000076 0.000107 0.0000000000117455647887994 0.0000000000033649207192289
0.000122 0.000153 0.000183 0.000214 0.000244 0.049606 0.053437 0.056785 0.059779 0.062500 0.000153 0.000214 0.0000000000295969686408301 0.0000000000084790688912539
0.000244 0.000305 0.000366 0.000427 0.000488 0.062500 0.067326 0.071545 0.075317 0.078745 0.000305 0.000427 0.0000000000745796876065372 0.0000000000213659147577821
0.000488 0.000610 0.000732 0.000854 0.000977 0.078745 0.084826 0.090141 0.094893 0.099213 0.000610 0.000854 0.0000000001879290366174017 0.0000000000538387315076618
0.000977 0.001221 0.001465 0.001709 0.001953 0.099213 0.106873 0.113570 0.119558 0.125000 0.001221 0.001709 0.0000000004735514982397290 0.0000000001356651022397333
0.001953 0.002441 0.002930 0.003418 0.003906 0.125000 0.134652 0.143089 0.150634 0.157490 0.002441 0.003418 0.0000000011932750017317004 0.0000000003418546360703031
0.003906 0.004883 0.005859 0.006836 0.007812 0.157490 0.169651 0.180281 0.189787 0.198425 0.004883 0.006836 0.0000000030068645859868473 0.0000000008614197039599585
0.007812 0.009766 0.011719 0.013672 0.015625 0.198425 0.213747 0.227140 0.239116 0.250000 0.009766 0.013672 0.0000000075768239716188235 0.0000000021706416357273120
0.015625 0.019531 0.023438 0.027344 0.031250 0.250000 0.269304 0.286179 0.301268 0.314980 0.019531 0.027344 0.0000000190924000277072070 0.0000000054696741766911694
0.031250 0.039062 0.046875 0.054688 0.062500 0.314980 0.339302 0.360562 0.379574 0.396850 0.039062 0.054688 0.0000000481098333740548334 0.0000000137827152633593353
0.062500 0.078125 0.093750 0.109375 0.125000 0.396850 0.427494 0.454280 0.478233 0.500000 0.078125 0.109375 0.0000001212291835441664523 0.0000000347302661768411625
0.125000 0.156250 0.187500 0.218750 0.250000 0.500000 0.538609 0.572357 0.602536 0.629961 0.156250 0.218750 0.0000003054784004155597366 0.0000000875147868478753921
0.250000 0.312500 0.375000 0.437500 0.500000 0.629961 0.678604 0.721125 0.759147 0.793701 0.312500 0.437500 0.0000007697573339432439710 0.0000002205234442137493645
0.500000 0.625000 0.750000 0.875000 1.000000 0.793701 0.854988 0.908560 0.956466 1.000000 0.625000 0.875000 0.0000019396669366789076605 0.0000005556842587461918725
